494.233376 -756.239309 1100.000000
991.440439 404.324826 1100.000000
-484.014811 -574.834951 1106.794839
776.841798 859.783196 1100.000000
-327.344522 -740.706728 1100.925068
83.064345 -79.233754 1157.949107
18.774352 -425.960758 1109.939409
394.675532 -283.829926 1108.027967
-594.353282 565.059812 1100.000000
436.918628 181.169290 1141.331813
-340.284726 427.361248 1093.525544
153.770741 687.753654 1100.265551
723.060700 141.231683 1117.829762
-859.521166 -492.177586 1102.076640
-207.789586 -893.851158 1100.008527
896.745288 37.764700 1104.430450
412.307702 -363.569288 1103.742446
547.519687 149.556482 1132.749511
-925.848420 181.032149 1100.000000
-515.985900 -465.747006 1115.366698
61.141295 545.810168 1094.655053
-796.384051 -494.936299 1104.952575
-707.158591 -918.769644 1100.000000
178.870373 11.480666 1165.693564
927.584218 -939.049321 1100.000000
725.337571 -624.824952 1100.000000
5.321690 657.479739 1099.701495
560.490614 219.159094 1125.420370
-386.394169 -278.724914 1139.022234
-153.945390 -950.982654 1100.000000
-275.198593 794.797423 1099.999649
241.120455 71.429810 1162.978107
754.686394 -773.686902 1100.000000
-291.909900 774.161844 1099.999455
458.445380 265.654718 1120.716594
-505.078414 -200.524959 1141.153362
408.073895 136.741163 1144.505271
825.264441 609.239402 1100.000000
-814.807134 -110.273879 1098.643023
-534.204179 277.457472 1092.471730
242.551659 87.045914 1164.006917
787.257533 482.987053 1098.659003
967.982891 82.537923 1101.516487
270.145533 -603.874898 1100.045922
-758.127476 360.648897 1099.692857
-634.406536 -368.728264 1118.905280
-344.627168 413.148530 1093.390423
629.763180 -838.170423 1100.000000
0.626115 -238.545508 1133.386121
