494.233376 -756.239309 1400.000000
991.440439 404.324826 1400.000000
-484.014811 -574.834951 1399.615417
776.841798 859.783196 1399.948453
-327.344522 -740.706728 1400.000000
83.064345 -79.233754 1421.286460
18.774352 -425.960758 1410.696551
394.675532 -283.829926 1407.790508
-594.353282 565.059812 1399.672774
436.918628 181.169290 1383.994913
-340.284726 427.361248 1391.614553
153.770741 687.753654 1397.850611
723.060700 141.231683 1398.012332
-859.521166 -492.177586 1400.000000
-207.789586 -893.851158 1400.000000
896.745288 37.764700 1400.032513
412.307702 -363.569288 1403.477390
547.519687 149.556482 1394.583089
-925.848420 181.032149 1399.463689
-515.985900 -465.747006 1401.046852
61.141295 545.810168 1391.109239
-796.384051 -494.936299 1399.788415
-707.158591 -918.769644 1400.000000
927.584218 -939.049321 1400.000000
725.337571 -624.824952 1400.000000
5.321690 657.479739 1396.900448
560.490614 219.159094 1381.829291
-386.394169 -278.724914 1427.660400
-153.945390 -950.982654 1400.000000
-275.198593 794.797423 1399.966731
241.120455 71.429810 1394.418891
754.686394 -773.686902 1400.000000
-291.909900 774.161844 1399.904725
458.445380 265.654718 1377.901876
-505.078414 -200.524959 1377.631171
408.073895 136.741163 1394.880689
825.264441 609.239402 1399.616307
-814.807134 -110.273879 1395.123439
-534.204179 277.457472 1390.770535
242.551659 87.045914 1385.236686
-100.647949 173.593051 1359.281012
787.257533 482.987053 1398.631871
967.982891 82.537923 1400.000000
270.145533 -603.874898 1400.000000
-758.127476 360.648897 1398.820910
-344.627168 413.148530 1391.061511
629.763180 -838.170423 1400.000000
0.626115 -238.545508 1438.838047
