-899.238320 -302.092699 1067.432154
-795.826770 -411.465855 1273.505236
-795.973611 -311.062413 1156.777110
-800.077218 -199.787846 1046.484664
-697.411454 -407.111972 1369.687029
-700.900120 -297.526940 1257.892380
-698.147750 -205.089016 1131.992215
-694.633988 -114.742997 1003.953566
-599.560812 -401.206659 1461.373702
-600.842002 -297.686617 1343.896658
-601.400930 -196.150977 1223.203929
-597.992687 -105.515047 1093.473166
-596.253365 -10.293795 967.159133
-494.044557 -316.362445 1411.197597
-499.848582 -200.416018 1299.671314
-499.543228 -101.254971 1174.384861
-501.772632 4.870267 1054.287741
-495.483740 87.591677 915.205884
-400.211382 -299.419233 1500.133779
-401.325852 -196.357252 1377.435028
-393.880489 -116.813218 1235.622909
-397.730984 -6.234069 1116.936460
-397.993047 94.485943 990.439069
-302.817273 -292.259605 1576.873654
-298.784115 -203.340617 1442.047237
-298.542732 -104.003811 1313.092865
-303.060103 8.407565 1193.863550
-300.632600 101.738055 1060.288209
-301.134455 203.116890 930.929908
-198.521115 -204.063202 1506.099460
-202.821173 -92.248892 1384.870958
-196.948912 -8.382796 1242.463122
-194.999379 86.260907 1108.086169
-200.851018 202.338154 987.980641
-100.024365 -199.933058 1568.861556
-98.580578 -103.899829 1434.302171
-96.628891 -9.262046 1298.012666
-98.537481 95.981763 1169.626192
-98.887610 196.943733 1036.685903
-101.352674 303.716442 907.530541
-0.648578 -198.218048 1619.080407
1.718500 -104.721540 1486.896614
4.714783 -12.953761 1346.560399
1.592448 95.624784 1218.750647
-3.378890 209.283424 1093.699538
1.213290 296.666513 948.187951
99.741909 -99.290899 1539.243851
99.316240 1.878616 1404.005155
99.385907 101.687207 1267.752373
97.535188 206.772014 1134.740829
99.101214 302.469395 993.516457
197.802331 -93.961954 1586.609194
198.977497 2.809303 1446.185016
200.328553 99.097308 1305.400745
200.488441 198.658018 1166.701262
199.395803 301.660018 1029.011752
199.572434 401.174729 888.723705
300.094383 -100.259315 1611.511827
301.283953 -3.527632 1478.043326
303.590701 90.134629 1333.394354
301.737285 195.226850 1197.244966
299.196836 302.206675 1060.611374
301.675440 395.396767 913.283304
399.312100 1.889991 1513.754373
395.010971 113.707245 1380.725368
393.423822 218.067901 1242.140114
395.199080 313.190419 1095.082025
399.335649 401.825290 942.870635
498.264016 4.769577 1541.287703
497.982352 105.543443 1399.502024
500.113908 199.687041 1251.395436
498.153755 305.072517 1110.413058
498.233508 404.853397 964.598924
601.707965 95.307404 1411.828445
602.191841 193.977968 1265.186965
606.826493 281.244364 1109.131555
600.847244 397.672215 973.813693
700.163393 99.551082 1430.038244
698.391469 204.419403 1286.106851
699.453080 301.502650 1135.794738
699.858428 400.388965 985.251073
795.080907 213.515098 1301.117851
799.278970 301.981013 1142.812889
902.099965 194.230393 1290.075211
898.400910 304.393465 1146.272897
