-1000.000000 -1000.000000 1097.074119
-1000.000000 -900.000000 1094.592136
-1000.000000 -800.000000 1096.913582
-1000.000000 -700.000000 1089.034067
-1000.000000 -600.000000 1095.069902
-1000.000000 -500.000000 1098.192606
-1000.000000 -400.000000 1100.458411
-1000.000000 -300.000000 1099.362169
-1000.000000 -200.000000 1106.113352
-1000.000000 -100.000000 1101.093177
-1000.000000 -0.000000 1118.140155
-1000.000000 100.000000 1103.120238
-1000.000000 200.000000 1118.044938
-1000.000000 300.000000 1092.768785
-1000.000000 400.000000 1105.265470
-1000.000000 500.000000 1097.397491
-1000.000000 600.000000 1106.001425
-1000.000000 700.000000 1105.939308
-1000.000000 800.000000 1078.139784
-1000.000000 900.000000 1086.729569
-1000.000000 1000.000000 1085.589864
-900.000000 -1000.000000 1104.018445
-900.000000 -900.000000 1114.702013
-900.000000 -800.000000 1096.731858
-900.000000 -700.000000 1108.123230
-900.000000 -600.000000 1105.455401
-900.000000 -500.000000 1089.483677
-898.708175 -403.549261 1109.368849
-898.591532 -203.869735 1098.362288
-899.307123 -101.903665 1118.055865
-899.327569 -1.847490 1102.482156
-900.000000 100.000000 1116.359997
-900.000000 200.000000 1095.749415
-900.000000 300.000000 1105.894334
-900.000000 400.000000 1099.372088
-900.000000 500.000000 1079.780411
-900.000000 600.000000 1090.178685
-900.000000 700.000000 1106.125113
-900.000000 800.000000 1099.451139
-900.000000 900.000000 1088.812680
-900.000000 1000.000000 1093.736215
-800.000000 -1000.000000 1102.495177
-800.000000 -900.000000 1090.069810
-800.000000 -800.000000 1109.749502
-800.000000 -700.000000 1093.592905
-799.544054 -601.252702 1119.992487
-798.890789 -503.047533 1093.832988
-798.304805 -404.657511 1109.070395
-798.563772 -303.946005 1090.786886
-800.775548 -197.869200 1089.525292
-800.455563 -98.748351 1092.165237
-799.523082 -1.310322 1106.004795
-799.867729 99.636588 1109.973648
-799.774264 199.379795 1103.947449
-800.000000 300.000000 1096.269293
-800.000000 400.000000 1108.154885
-800.000000 500.000000 1107.988870
-800.000000 600.000000 1101.202053
-800.000000 700.000000 1105.712476
-800.000000 800.000000 1104.127960
-800.000000 900.000000 1090.130381
-800.000000 1000.000000 1107.595683
-700.000000 -1000.000000 1093.427987
-700.000000 -900.000000 1093.960815
-700.000000 -800.000000 1101.769468
-699.642884 -700.981169 1098.416149
-699.215854 -602.154424 1101.956098
-698.499160 -504.123523 1112.220522
-697.148836 -407.833509 1122.373721
-695.712744 -311.779139 1115.922388
-702.764896 -92.403509 1091.731610
-701.663500 4.570429 1090.670832
-700.889816 102.444748 1098.580433
-700.323780 200.889579 1103.047995
-700.185968 300.510942 1093.054809
-700.000000 400.000000 1102.748368
-700.000000 500.000000 1106.011020
-700.000000 600.000000 1100.923080
-700.000000 700.000000 1117.298414
-700.000000 800.000000 1093.914426
-700.000000 900.000000 1092.629402
-700.000000 1000.000000 1082.501207
-600.000000 -1000.000000 1109.104826
-600.000000 -900.000000 1108.670826
-599.693972 -800.840806 1100.478931
-599.412502 -701.614138 1111.437932
-598.794278 -603.312694 1106.871678
-597.382677 -507.191035 1113.836861
-595.658479 -411.928231 1119.258012
-593.905447 -316.744646 1129.848092
-592.556491 -220.450873 1132.097930
-604.221283 11.597880 1110.246855
-602.506686 106.887063 1077.866368
-601.531268 204.207124 1075.063008
-600.730604 302.007317 1085.542461
-600.204604 400.562145 1088.212215
-600.000000 500.000000 1095.663907
-600.000000 600.000000 1098.315301
-600.000000 700.000000 1097.814664
-600.000000 800.000000 1105.413344
-600.000000 900.000000 1103.892662
-600.000000 1000.000000 1107.512290
-500.000000 -1000.000000 1117.782559
-499.970763 -900.080329 1112.352710
-499.813787 -800.511616 1087.944994
-499.548819 -701.239610 1078.594418
-498.901237 -603.018828 1113.607339
-497.250806 -507.553348 1093.123218
-494.749573 -414.425429 1122.591385
-492.767370 -319.871487 1130.555548
-490.552548 -225.956661 1161.720701
-487.888328 -133.276546 1149.881665
-507.799251 21.428266 1062.360018
-505.254218 114.435846 1080.418450
-503.262514 208.963684 1088.835011
-501.668522 304.584226 1093.733330
-500.493572 401.356077 1091.853224
-499.903442 499.734708 1088.177258
-500.000000 600.000000 1103.165004
-500.000000 700.000000 1086.571308
-500.000000 800.000000 1089.678157
-500.000000 900.000000 1113.312159
-500.000000 1000.000000 1095.810968
-400.000000 -1000.000000 1098.596783
-400.001022 -899.997191 1108.993954
-399.966477 -800.092103 1097.138868
-399.637794 -700.995154 1111.806095
-398.626971 -603.772366 1102.282594
-396.816637 -508.746218 1123.420550
-394.335797 -415.562269 1129.944935
-391.947385 -322.124378 1131.494553
-389.195949 -229.683886 1136.456696
-386.277182 -137.703132 1146.870263
-408.386929 123.042898 1062.278638
-405.256709 214.442690 1073.668537
-402.418808 306.645620 1085.813221
-400.833153 402.289069 1106.356518
-400.179754 500.493869 1096.272445
-399.996852 599.991350 1111.449936
-400.000000 700.000000 1094.683799
-400.000000 800.000000 1109.725657
-400.000000 900.000000 1094.777495
-400.000000 1000.000000 1101.765778
-300.000000 -1000.000000 1109.707378
-300.000000 -900.000000 1095.860277
-299.966821 -800.091158 1095.755837
-299.664800 -700.920954 1121.433575
-298.733182 -603.480553 1114.799691
-296.971125 -508.321766 1108.327409
-294.698510 -414.565724 1128.626443
-291.928530 -322.176182 1130.102673
-288.772392 -230.847600 1153.941136
-285.153920 -140.789270 1176.150161
-281.834765 -49.908572 1159.806059
-307.610268 220.909038 1078.510904
-304.359831 311.978538 1096.374656
-302.250462 406.183093 1091.077628
-300.639445 501.756861 1114.792483
-300.009408 600.025849 1101.514590
-300.000000 700.000000 1087.628803
-300.000000 800.000000 1078.065057
-300.000000 900.000000 1096.665929
-300.000000 1000.000000 1107.135433
-200.000000 -1000.000000 1103.174077
-200.000000 -900.000000 1104.136104
-199.991189 -800.024208 1094.265936
-199.803040 -700.541143 1102.262448
-199.107346 -602.452546 1087.340730
-197.599653 -506.594898 1102.422048
-195.516259 -412.318976 1110.534490
-192.533035 -320.515318 1136.376538
-188.710939 -231.016439 1146.997288
-184.683192 -142.082583 1152.401957
-182.384499 -48.398190 1173.460483
-209.921905 227.260210 1051.671736
-206.204459 317.046611 1067.425511
-202.867327 407.877916 1096.668612
-200.963578 502.647408 1097.110655
-200.064589 600.177456 1103.713929
-200.001614 700.004434 1108.832960
-200.000000 800.000000 1101.802577
-200.000000 900.000000 1105.508545
-200.000000 1000.000000 1106.829643
-100.000000 -1000.000000 1111.706087
-100.000000 -900.000000 1104.758606
-100.000000 -800.000000 1114.122327
-99.921879 -700.214635 1100.552288
-99.444399 -601.526501 1101.841287
-98.323323 -504.606633 1124.014523
-96.446225 -409.763917 1109.742116
-93.608573 -317.560301 1126.659655
-90.108110 -227.177743 1150.503496
-86.118907 -138.137989 1159.460332
-83.540824 -45.221214 1182.776688
-80.659761 46.863131 1191.098807
-112.132154 233.332820 1052.256371
-107.808782 321.454452 1059.616467
-103.621149 409.949025 1090.546399
-101.321435 503.630613 1080.655971
-100.197283 600.542030 1101.620968
-99.903542 699.734983 1108.487161
-100.000000 800.000000 1102.130417
-100.000000 900.000000 1108.796772
-100.000000 1000.000000 1120.388763
0.000000 -1000.000000 1109.239324
0.000000 -900.000000 1102.669174
0.000000 -800.000000 1106.416615
0.013367 -700.036726 1104.310671
0.313921 -600.862491 1088.163581
1.171140 -503.217680 1100.726129
2.761595 -407.587420 1123.778264
5.234343 -314.381240 1121.420814
8.413598 -223.116170 1140.956265
11.943037 -132.813224 1139.804647
16.039711 -44.068743 1167.620992
20.236084 44.401816 1190.501227
-9.256881 325.433070 1047.731584
-4.942835 413.580328 1082.836498
-1.931058 505.305537 1090.118194
-0.373532 601.026270 1089.044924
0.157619 699.566947 1100.282824
0.000000 800.000000 1081.036955
0.000000 900.000000 1078.720232
0.000000 1000.000000 1088.230767
100.000000 -1000.000000 1090.094678
100.000000 -900.000000 1088.269677
100.000000 -800.000000 1082.745722
100.000000 -700.000000 1102.882281
100.132799 -600.364862 1084.612682
100.729666 -502.004742 1104.149002
102.045167 -405.619050 1116.410518
104.207151 -311.559052 1117.545218
107.376741 -220.267430 1131.733596
111.168950 -130.686439 1142.855782
115.471137 -42.506600 1149.774912
118.727091 48.547739 1177.759133
90.457690 326.217282 1069.763139
94.992308 413.758520 1096.472205
98.058945 505.333005 1087.592819
99.585373 601.139179 1081.995444
100.364048 698.999787 1103.183602
100.000000 800.000000 1103.762659
100.000000 900.000000 1097.730495
100.000000 1000.000000 1088.510877
200.000000 -1000.000000 1120.243326
200.000000 -900.000000 1076.404765
200.000000 -800.000000 1094.900280
200.000000 -700.000000 1086.783744
200.033662 -600.092486 1093.779278
200.417451 -501.146937 1104.921633
201.460370 -404.012333 1107.478437
203.250516 -308.930718 1106.465585
206.014948 -216.525934 1132.886205
209.521611 -126.160410 1145.982619
213.277588 -36.479872 1161.916041
215.778399 56.649206 1161.628366
217.548626 151.785545 1183.762298
191.404703 323.615384 1070.716330
195.641026 411.976182 1106.886283
198.058044 505.335480 1102.525716
199.356279 601.768609 1108.881279
199.934611 700.179654 1100.256749
200.000000 800.000000 1087.116140
200.000000 900.000000 1096.287788
200.000000 1000.000000 1092.422081
300.000000 -1000.000000 1094.360311
300.000000 -900.000000 1105.551386
300.000000 -800.000000 1094.432219
300.000000 -700.000000 1091.048869
300.001424 -600.003914 1095.912671
300.212868 -500.584851 1099.279990
300.915465 -402.515219 1107.915983
302.235194 -306.141145 1099.806973
304.411620 -212.120825 1121.594446
307.285818 -120.017619 1131.203046
310.105545 -27.764757 1155.440826
312.230231 66.397717 1148.937158
313.205946 163.716962 1153.798296
295.696527 411.823695 1070.316751
297.832900 505.954059 1077.098374
299.166981 602.288702 1099.626707
299.752469 700.680085 1096.471514
300.000000 800.000000 1105.037441
300.000000 900.000000 1091.073386
300.000000 1000.000000 1119.085123
400.000000 -1000.000000 1101.222307
400.000000 -900.000000 1110.470333
400.000000 -800.000000 1097.730798
400.000000 -700.000000 1098.374981
400.000000 -600.000000 1106.900519
400.095926 -500.263553 1105.958117
400.564550 -401.551087 1091.154798
401.473887 -304.049471 1090.827470
403.133782 -208.609994 1102.106820
405.535580 -115.208881 1108.956775
407.707491 -21.176158 1132.779302
409.858659 72.913558 1137.053556
410.982835 169.824908 1142.180098
395.983747 411.034565 1069.620000
398.022972 505.431839 1099.540348
399.231617 602.111114 1101.185632
399.833717 700.456860 1098.409438
400.000000 800.000000 1110.211801
400.000000 900.000000 1091.260205
400.000000 1000.000000 1104.147003
500.000000 -1000.000000 1103.484412
500.000000 -900.000000 1103.492544
500.000000 -800.000000 1092.707527
500.000000 -700.000000 1103.268402
500.000000 -600.000000 1094.851184
500.037782 -500.103806 1091.193303
500.372114 -401.022376 1089.521128
501.093185 -303.003501 1114.942887
502.383630 -206.548970 1101.493705
504.407385 -112.109190 1116.674449
506.395193 -17.570647 1114.617408
507.984628 78.062416 1130.369546
508.881563 175.598106 1104.765703
496.527086 409.541753 1074.628819
498.482412 504.169539 1079.398760
499.495013 601.387440 1087.746856
500.000000 700.000000 1097.867328
500.000000 800.000000 1096.746522
500.000000 900.000000 1119.443978
500.000000 1000.000000 1094.282268
600.000000 -1000.000000 1097.499677
600.000000 -900.000000 1084.306845
600.000000 -800.000000 1095.226173
600.000000 -700.000000 1086.620233
600.000000 -600.000000 1100.302990
600.011494 -500.031579 1108.578862
600.241303 -400.662974 1105.050125
600.814139 -302.236828 1096.393337
601.800826 -204.947730 1091.214147
603.260156 -108.957205 1128.213322
604.866547 -13.370727 1140.821304
605.988704 83.546172 1126.211589
607.001964 180.762261 1119.338564
597.130431 407.884075 1099.995471
598.503498 504.111605 1087.824607
599.424811 601.580320 1092.900131
600.000000 700.000000 1108.863774
600.000000 800.000000 1086.147802
600.000000 900.000000 1080.432460
600.000000 1000.000000 1104.206837
700.000000 -1000.000000 1104.007380
700.000000 -900.000000 1100.951422
700.000000 -800.000000 1104.966844
700.000000 -700.000000 1110.822406
700.000000 -600.000000 1109.704478
700.001363 -500.003745 1094.319996
700.117517 -400.322874 1108.590426
700.447976 -301.230805 1103.603055
701.199750 -203.296286 1099.954281
702.121137 -105.827776 1096.924015
703.000797 -8.244622 1118.999913
704.118156 88.685460 1113.659650
704.880236 186.591663 1120.842381
698.073422 405.293229 1084.025858
698.890147 503.049295 1079.860526
700.000000 600.000000 1101.715864
700.000000 700.000000 1099.378609
700.000000 800.000000 1111.990279
700.000000 900.000000 1108.017041
700.000000 1000.000000 1110.533046
800.000000 -1000.000000 1092.511232
800.000000 -900.000000 1090.636735
800.000000 -800.000000 1087.309132
800.000000 -700.000000 1104.979806
800.000000 -600.000000 1127.890811
800.000000 -500.000000 1107.275720
800.050489 -400.138719 1092.480184
800.260508 -300.715739 1109.454119
800.682421 -201.874937 1091.566232
801.279101 -103.514302 1091.096348
802.107520 -5.790362 1115.974636
802.778047 92.367379 1103.821028
803.260688 191.041334 1116.775270
798.504880 404.107808 1107.822290
800.000000 500.000000 1104.011246
800.000000 600.000000 1109.296603
800.000000 700.000000 1083.941978
800.000000 800.000000 1106.615362
800.000000 900.000000 1121.385023
800.000000 1000.000000 1105.411394
900.000000 -1000.000000 1084.591228
900.000000 -900.000000 1097.968572
900.000000 -800.000000 1095.000348
900.000000 -700.000000 1103.830239
900.000000 -600.000000 1104.120354
900.000000 -500.000000 1104.054926
900.012118 -400.033294 1096.412793
900.066827 -300.183605 1094.286323
900.217899 -200.598673 1095.013975
900.487365 -101.339025 1110.570463
900.826114 -2.269729 1084.919461
901.240458 96.591871 1103.106655
901.559265 195.715955 1109.214688
900.000000 400.000000 1093.472290
900.000000 500.000000 1104.772273
900.000000 600.000000 1099.286803
900.000000 700.000000 1090.616987
900.000000 800.000000 1101.613635
900.000000 900.000000 1097.318171
900.000000 1000.000000 1095.901274
1000.000000 -1000.000000 1092.886773
1000.000000 -900.000000 1100.614455
1000.000000 -800.000000 1081.538708
1000.000000 -700.000000 1096.016669
1000.000000 -600.000000 1094.564519
1000.000000 -500.000000 1090.881015
1000.000000 -400.000000 1106.526986
1000.000000 -300.000000 1092.657287
999.928543 -199.803673 1105.107953
999.883633 -99.680284 1109.272503
999.738458 0.718580 1097.339195
1000.008940 99.975438 1102.815323
1000.000000 200.000000 1106.395173
1000.000000 300.000000 1099.190220
1000.000000 400.000000 1105.408701
1000.000000 500.000000 1087.374352
1000.000000 600.000000 1111.104238
1000.000000 700.000000 1090.104373
1000.000000 800.000000 1081.711641
1000.000000 900.000000 1113.844985
1000.000000 1000.000000 1099.372732
