-1000.000000 -1000.000000 1404.489211
-1000.000000 -900.000000 1396.367415
-1000.000000 -800.000000 1389.794166
-1000.000000 -700.000000 1369.270115
-1000.000000 -600.000000 1406.262790
-1000.000000 -500.000000 1397.133155
-1000.000000 -400.000000 1398.026571
-1000.000000 -300.000000 1404.056054
-1000.000000 -200.000000 1385.806515
-1000.197859 -99.456387 1391.879362
-1000.191858 0.527125 1410.672152
-1000.029588 100.081292 1405.855098
-999.978589 199.941175 1387.276590
-999.995903 299.988743 1377.984466
-1000.000000 400.000000 1394.287537
-1000.000000 500.000000 1402.139965
-1000.000000 600.000000 1409.423769
-1000.000000 700.000000 1400.937255
-1000.000000 800.000000 1388.776883
-1000.000000 900.000000 1403.061578
-1000.000000 1000.000000 1388.276651
-900.000000 -1000.000000 1390.390334
-900.000000 -900.000000 1393.462650
-900.000000 -800.000000 1387.706064
-900.000000 -700.000000 1397.290349
-900.000000 -600.000000 1391.000499
-900.000000 -500.000000 1397.143139
-900.000000 -400.000000 1395.375785
-900.028216 -299.922476 1395.784327
-900.401922 -198.895728 1393.286334
-900.404699 -98.888099 1410.643101
-900.340350 0.935104 1404.681879
-900.274930 100.755363 1399.442719
-900.147067 200.404063 1384.716437
-900.045078 300.123852 1383.553737
-900.001873 400.005145 1380.344656
-900.000000 500.000000 1426.051958
-900.000000 600.000000 1409.723748
-900.000000 700.000000 1402.569810
-900.000000 800.000000 1390.257595
-900.000000 900.000000 1388.536356
-900.000000 1000.000000 1405.476395
-800.000000 -1000.000000 1415.650840
-800.000000 -900.000000 1383.066563
-800.000000 -800.000000 1395.506026
-800.000000 -700.000000 1399.157079
-800.000000 -600.000000 1380.080028
-800.000000 -500.000000 1408.412457
-801.028972 -397.172921 1391.556807
-801.206977 -296.683857 1414.081923
-801.165168 -196.798728 1391.225709
-801.311190 -96.397535 1398.616783
-801.179186 3.239787 1383.651878
-800.857285 102.355371 1390.171661
-800.479816 201.318283 1386.309240
-800.194947 300.535612 1403.111728
-800.050930 400.139929 1412.805730
-800.000786 500.002160 1394.060300
-800.000000 600.000000 1404.363754
-800.000000 700.000000 1394.956375
-800.000000 800.000000 1401.021077
-800.000000 900.000000 1411.962505
-800.000000 1000.000000 1401.202828
-700.000000 -1000.000000 1389.631566
-700.000000 -900.000000 1391.428968
-700.000000 -800.000000 1398.301257
-700.000000 -700.000000 1398.083317
-700.000000 -600.000000 1391.341848
-700.000000 -500.000000 1401.806641
-702.067491 -294.319616 1404.032219
-702.185761 -193.994672 1388.361389
-702.575663 -92.923425 1387.199298
-702.429846 6.675948 1367.838653
-701.765946 104.851896 1384.880942
-701.109208 203.047525 1381.435636
-700.618916 301.700458 1393.553292
-700.224958 400.618066 1404.316525
-700.035063 500.096334 1415.086284
-700.000000 600.000000 1417.984945
-700.000000 700.000000 1398.831157
-700.000000 800.000000 1396.798038
-700.000000 900.000000 1408.175163
-700.000000 1000.000000 1404.901592
-600.000000 -1000.000000 1407.652512
-600.000000 -900.000000 1407.782790
-600.000000 -800.000000 1385.196948
-600.000000 -700.000000 1405.403640
-600.000000 -600.000000 1399.084610
-599.318915 -501.871266 1395.241433
-597.925470 -405.699725 1401.726507
-602.208151 -293.933156 1403.594168
-603.390489 -190.684707 1377.745210
-604.417092 -87.864140 1369.187696
-604.317958 11.863491 1384.116690
-603.107387 108.537476 1407.132433
-602.084483 205.727069 1391.551525
-601.252707 303.441784 1397.852160
-600.583343 401.602721 1388.181707
-600.165537 500.454809 1416.050939
-600.008789 600.024147 1401.213183
-600.000000 700.000000 1405.301013
-600.000000 800.000000 1390.479318
-600.000000 900.000000 1408.540428
-600.000000 1000.000000 1403.891457
-500.000000 -1000.000000 1388.439989
-500.000000 -900.000000 1400.397401
-500.000000 -800.000000 1395.494014
-500.000000 -700.000000 1401.092479
-500.000000 -600.000000 1397.494472
-500.627188 -498.276814 1395.482080
-498.279037 -404.728306 1396.856961
-506.810017 -181.289631 1368.331000
-507.182179 -80.267127 1377.675181
-506.438386 17.689319 1390.562445
-504.902231 113.468770 1367.924920
-503.398274 209.336682 1409.584198
-502.125121 305.838723 1406.387069
-501.135813 403.120619 1396.942347
-500.418307 501.149288 1395.241243
-500.071005 600.195084 1392.716968
-500.000000 700.000000 1408.327706
-500.000000 800.000000 1393.053947
-500.000000 900.000000 1395.381170
-500.000000 1000.000000 1408.836171
-400.000000 -1000.000000 1404.359442
-400.000000 -900.000000 1408.967474
-400.000000 -800.000000 1405.047320
-400.000000 -700.000000 1395.991029
-400.000000 -600.000000 1394.861520
-400.228221 -499.372969 1407.010712
-397.157912 -407.808573 1405.155594
-392.524408 -320.539019 1443.081861
-409.696237 -73.359807 1367.419164
-408.384454 23.036099 1367.866874
-406.763069 118.581380 1371.792217
-404.988670 213.706259 1382.825354
-403.376847 309.277812 1421.166329
-401.861913 405.115563 1391.100984
-400.773613 502.125483 1381.203744
-400.213143 600.585606 1418.261017
-400.008223 700.022593 1406.064123
-400.000000 800.000000 1393.520884
-400.000000 900.000000 1426.173349
-400.000000 1000.000000 1405.509504
-300.000000 -1000.000000 1402.942037
-300.000000 -900.000000 1392.221562
-300.000000 -800.000000 1389.350699
-300.000000 -700.000000 1382.315860
-299.841722 -600.434865 1396.431715
-298.692001 -503.593699 1394.930691
-296.460456 -409.724816 1421.257361
-292.549074 -320.471250 1427.935993
-286.197615 -237.921742 1475.323507
-311.166037 -69.321565 1368.480635
-309.924066 27.266146 1360.200922
-308.463803 123.254108 1361.830691
-306.486155 217.820566 1384.437903
-304.519918 312.418373 1369.661439
-302.484047 406.824862 1396.364538
-301.181716 503.246737 1388.374468
-300.429251 601.179358 1394.204381
-300.058813 700.161589 1393.036393
-300.000000 800.000000 1405.756290
-300.000000 900.000000 1392.219065
-300.000000 1000.000000 1389.364388
-200.000000 -1000.000000 1405.529783
-200.000000 -900.000000 1395.765712
-200.000000 -800.000000 1403.615872
-200.000000 -700.000000 1396.481108
-199.816304 -600.504702 1403.462454
-198.849024 -503.162280 1379.161550
-196.747113 -408.937235 1418.241481
-192.646123 -320.204612 1449.242647
-187.055935 -235.563526 1464.442460
-211.246352 30.899099 1362.148411
-209.746586 126.778526 1356.904593
-207.559409 220.769305 1370.244722
-205.267560 314.472503 1380.447136
-203.164956 408.695646 1387.748257
-201.733524 504.762819 1384.456767
-200.708433 601.946404 1393.519327
-200.152290 700.418414 1397.616342
-200.000057 800.000156 1395.193228
-200.000000 900.000000 1408.368367
-200.000000 1000.000000 1425.383493
-100.000000 -1000.000000 1386.766657
-100.000000 -900.000000 1401.283403
-100.000000 -800.000000 1385.576208
-100.000000 -700.000000 1413.025082
-99.583091 -601.145448 1415.839970
-98.441851 -504.280979 1389.880817
-96.426536 -409.818012 1434.358292
-93.073307 -319.030933 1418.076292
-87.946029 -233.118013 1452.601058
-112.261968 33.689481 1359.787906
-110.633980 129.216620 1357.068370
-108.595681 223.616441 1387.064312
-106.275146 317.240822 1401.322920
-104.247414 411.669675 1383.647565
-102.356744 506.475102 1371.088456
-101.011612 602.779380 1392.125959
-100.277069 700.761240 1390.361965
-100.011670 800.032063 1392.303736
-100.000000 900.000000 1388.723052
-100.000000 1000.000000 1400.781889
0.000000 -1000.000000 1421.066297
-0.000000 -900.000000 1392.841526
-0.000000 -800.000000 1397.194843
-0.000000 -700.000000 1411.664750
0.388121 -601.066354 1413.748862
1.240580 -503.408467 1410.035609
2.969825 -408.159528 1422.661042
5.895584 -316.197985 1433.325013
9.561046 -226.268758 1436.105768
14.599338 -140.111353 1465.250299
-12.778488 35.108607 1343.650516
-11.419925 131.375986 1343.315986
-9.509192 226.126290 1366.640631
-7.109542 319.533306 1370.987752
-4.960282 413.628264 1377.416514
-2.713667 507.455738 1391.586020
-1.214714 603.337399 1404.804757
-0.358289 700.984390 1402.433267
-0.033621 800.092373 1401.805125
0.000000 900.000000 1402.797850
0.000000 1000.000000 1400.512203
100.000000 -1000.000000 1392.255338
100.000000 -900.000000 1407.867817
100.000000 -800.000000 1414.089070
100.000000 -700.000000 1394.659014
100.000000 -600.000000 1419.277584
100.741330 -502.036787 1401.333040
102.267984 -406.231235 1407.032748
104.412738 -312.123897 1409.449933
107.278895 -219.998601 1422.470572
112.006148 -132.986620 1440.603429
89.054587 130.072275 1357.835110
90.619047 225.773956 1376.798918
92.858027 319.622410 1375.452497
95.159145 413.300139 1388.328427
97.264263 507.516376 1401.995051
98.745918 603.445561 1369.768090
99.614625 701.058809 1396.715225
99.947823 800.143356 1403.312281
100.000000 900.000000 1407.172537
100.000000 1000.000000 1386.951484
200.000000 -1000.000000 1389.941310
200.000000 -900.000000 1407.906835
200.000000 -800.000000 1398.834287
200.000000 -700.000000 1405.530899
200.000000 -600.000000 1390.393552
200.425914 -501.170189 1385.440433
201.215473 -403.339485 1412.687363
202.733935 -307.511426 1423.348961
205.506505 -215.128999 1439.313676
209.423307 -125.890323 1424.026304
214.065846 -38.645595 1445.365182
190.736992 125.449906 1346.582682
191.846120 222.402601 1365.535821
193.422619 318.071206 1366.380247
195.674438 411.884384 1395.079622
197.503838 506.858148 1375.026298
198.795628 603.308984 1377.547503
199.571569 701.177106 1400.264078
199.920976 800.217116 1411.599331
200.000000 900.000000 1391.971769
200.000000 1000.000000 1387.343636
300.000000 -1000.000000 1398.506686
300.000000 -900.000000 1383.635533
300.000000 -800.000000 1400.173443
300.000000 -700.000000 1408.283873
300.000000 -600.000000 1402.177383
300.193332 -500.531176 1381.714834
300.627294 -401.723475 1397.251125
301.953070 -305.366015 1405.134965
303.898013 -210.709704 1434.412465
307.212270 -119.815550 1439.264257
311.225229 -30.841065 1446.301547
291.690007 122.831518 1378.394204
292.863745 219.606700 1359.754312
294.032587 316.395333 1371.599649
295.916102 411.220417 1397.072784
297.547887 506.737126 1404.784722
298.827976 603.220110 1402.409827
299.561519 701.204716 1403.076591
299.911331 800.243617 1393.768489
299.999297 900.001931 1407.446062
300.000000 1000.000000 1391.718450
400.000000 -1000.000000 1405.745207
400.000000 -900.000000 1402.818414
400.000000 -800.000000 1411.393063
400.000000 -700.000000 1395.741322
400.000000 -600.000000 1406.361399
400.000000 -500.000000 1407.931781
400.582937 -401.601606 1393.450355
401.400984 -303.849172 1407.412433
403.422732 -209.403879 1430.264586
406.355589 -117.461837 1427.662955
409.401468 -25.830320 1436.170758
393.289809 218.436098 1376.547352
394.617596 314.788034 1374.774088
396.274781 410.234954 1388.876318
397.839220 505.936695 1389.629740
398.934075 602.928604 1395.365816
399.585767 701.138096 1402.878212
399.909737 800.247995 1413.246251
399.998013 900.005458 1404.510450
400.000000 1000.000000 1416.483837
500.000000 -1000.000000 1379.716380
500.000000 -900.000000 1395.507432
500.000000 -800.000000 1402.359932
500.000000 -700.000000 1391.648270
500.000000 -600.000000 1387.240448
500.000000 -500.000000 1406.170351
500.000000 -400.000000 1406.127015
500.685988 -301.884736 1405.758240
502.600611 -207.145120 1414.812339
504.788028 -113.154999 1411.287383
507.055095 -19.383714 1424.482550
494.545907 214.984997 1376.159032
495.753808 311.666316 1375.391202
497.130043 407.885142 1391.334943
498.327930 504.593976 1416.670308
499.111943 602.439916 1391.469501
499.669203 700.908858 1405.093197
499.924038 800.208703 1389.338565
499.997024 900.008176 1413.383120
500.000000 1000.000000 1390.308596
600.000000 -1000.000000 1402.087156
600.000000 -900.000000 1393.814066
600.000000 -800.000000 1405.120156
600.000000 -700.000000 1400.113542
600.000000 -600.000000 1399.560114
600.000000 -500.000000 1429.490925
600.000000 -400.000000 1393.699538
600.115703 -300.317890 1400.014336
601.468333 -204.034213 1432.961466
603.257409 -108.949657 1402.134812
603.956382 -10.870071 1422.050357
596.141375 210.601485 1373.123244
597.084604 308.009984 1398.132796
597.969317 405.579255 1394.795928
598.738209 503.466741 1401.252483
599.367806 601.736939 1394.571583
599.766427 700.641735 1401.476604
599.952797 800.129690 1414.528032
599.997524 900.006802 1377.238647
600.000000 1000.000000 1383.667093
700.000000 -1000.000000 1404.154689
700.000000 -900.000000 1393.452311
700.000000 -800.000000 1397.036517
700.000000 -700.000000 1385.030811
700.000000 -600.000000 1390.951656
700.000000 -500.000000 1395.958185
700.000000 -400.000000 1392.742018
700.000000 -300.000000 1391.335150
700.000000 -200.000000 1395.781532
700.936513 -102.573048 1394.483863
701.607725 -4.417189 1420.132096
698.037285 205.392514 1381.920092
698.368456 304.482630 1411.366711
698.773907 403.368662 1391.135931
699.225304 502.128459 1382.247753
699.594209 601.114903 1392.118749
699.831181 700.463828 1408.640083
699.946666 800.146535 1410.336588
700.000000 900.000000 1401.602273
700.000000 1000.000000 1402.874003
800.000000 -1000.000000 1406.329056
800.000000 -900.000000 1385.409581
800.000000 -800.000000 1394.182903
800.000000 -700.000000 1381.698507
800.000000 -600.000000 1395.508969
800.000000 -500.000000 1409.492747
800.000000 -400.000000 1407.174414
800.000000 -300.000000 1422.878286
800.000000 -200.000000 1401.667277
800.000000 -100.000000 1378.435092
800.238665 -0.655728 1417.890570
799.797115 200.557421 1411.975638
799.717461 300.776269 1392.993914
799.739913 400.714583 1401.140119
799.803709 500.539304 1406.974879
799.876897 600.338223 1403.333039
799.932141 700.186442 1406.680314
800.000000 800.000000 1398.872844
800.000000 900.000000 1399.611763
800.000000 1000.000000 1400.880886
900.000000 -1000.000000 1392.103440
900.000000 -900.000000 1414.229606
900.000000 -800.000000 1400.063317
900.000000 -700.000000 1406.864808
900.000000 -600.000000 1391.450664
900.000000 -500.000000 1389.247647
900.000000 -400.000000 1399.090327
900.000000 -300.000000 1397.472282
900.000000 -200.000000 1411.948238
900.000000 -100.000000 1406.060637
900.000000 -0.000000 1405.405144
900.000000 100.000000 1385.550606
900.000000 200.000000 1390.323062
900.000000 300.000000 1402.020513
900.000000 400.000000 1396.521220
900.000000 500.000000 1412.900880
900.000000 600.000000 1413.411538
900.000000 700.000000 1394.192023
900.000000 800.000000 1408.751356
900.000000 900.000000 1413.954499
900.000000 1000.000000 1403.209852
1000.000000 -1000.000000 1416.233825
1000.000000 -900.000000 1410.624333
1000.000000 -800.000000 1402.141052
1000.000000 -700.000000 1408.768032
1000.000000 -600.000000 1401.944070
1000.000000 -500.000000 1395.851078
1000.000000 -400.000000 1403.584587
1000.000000 -300.000000 1400.362227
1000.000000 -200.000000 1396.353688
1000.000000 -100.000000 1417.710196
1000.000000 0.000000 1402.212731
1000.000000 100.000000 1427.303776
1000.000000 200.000000 1397.038346
1000.000000 300.000000 1405.642956
1000.000000 400.000000 1415.826207
1000.000000 500.000000 1427.292301
1000.000000 600.000000 1403.035643
1000.000000 700.000000 1392.097415
1000.000000 800.000000 1408.033802
1000.000000 900.000000 1386.800973
1000.000000 1000.000000 1397.261542
